5th percentile	25th percentile	50th percentile	75th percentile	95th percentile
0.0783144143677319	0.23957312334242253	0.493495067041855	0.8715882395704071	1.8568937663243208
0.1047584790920224	0.3086318860094801	0.5963007103221862	1.0478744793823713	2.167690628989723
0.1447464203809723	0.37881555266152667	0.7166760782879198	1.2305399197381384	2.494979969356881
0.17162123469646495	0.45014244695405115	0.8558707804416317	1.4373582346100973	2.8396369629935627
0.22589476753469473	0.537270021850599	0.9991732832554012	1.6523542550388122	3.2025832267778203
0.2670628003722424	0.6261034329979731	1.1467048127960338	1.8758513318272065	3.584789283312439
0.32257804492335573	0.7319429926759131	1.3157406237781215	2.1279565469424693	3.9872771561138416
0.37881555266152667	0.8402040313707113	1.490328162794686	2.390878414130605	4.411123102515079
0.45014244695405115	0.9669671345760769	1.6706497680377907	2.665081025187625	4.857460491590647
0.5226311910181023	1.0970501152556391	1.8758513318272065	2.951048383911295	5.3274828347988255
0.5963007103221862	1.2305399197381384	2.0884784435703976	3.249285260431723	5.790756304646237
0.6862898599189045	1.3675257714436073	2.3087998086387795	3.5603180821972673	6.310304116850327
0.7626252290256019	1.5259278195506853	2.537093855938938	3.910217008741088	6.822391938183566
0.8558707804416317	1.6890044998650282	2.7955740044878876	4.249607311180366	7.396683635305077
0.9509419495455482	1.8568937663243208	3.0642745948212537	4.603559259306806	7.962729294781745
1.0478744793823713	2.029737644050469	3.319906709868409	5.00174040943279	8.556889070510602
1.1633636421184308	2.227775345792601	3.6093396926933865	5.387962860303768	9.138034196778163
1.2644550920684656	2.432317299232981	3.910217008741088	5.790756304646237	9.790568518965062
1.3848993529802298	2.643577126776747	4.222991173000068	6.210831726050133	10.428809538556193
1.5080992305195213	2.861775466936976	4.548132593140883	6.648930613075773	11.047882065607977
1.6523542550388122	3.0871402047682404	4.886130277002161	7.105826268079031	11.74431278773759
1.7816731719548882	3.319906709868409	5.237492568051133	7.5823251721920695	12.419827387757312
1.913950746718256	3.5603180821972673	5.571766063681444	8.040296435421002	13.12432515020474
2.0688348681310895	3.808625405968665	5.950238756370174	8.516376124620141	13.8590496066102
2.227775345792601	4.091193049871135	6.3436764595029675	9.011280256529941	14.565205873751125
2.390878414130605	4.356936166825724	6.717978994775963	9.52575315957148	15.299283933182586
2.537093855938938	4.659345315700804	7.105826268079031	10.060568593305264	16.062387827339673
2.708297858446427	4.943748542863588	7.544956512617887	10.569372836405783	16.85566525307928
2.883985628683206	5.237492568051133	7.962729294781745	11.145453544134632	17.61036097559105
3.0642745948212537	5.571766063681444	8.395619855633308	11.69351609052458	18.39236657418042
3.272749712009099	5.8861363837127225	8.80273542397	12.26141115984824	19.127810315633017
3.4632202616708527	6.210831726050133	9.266022954896085	12.79549285349502	19.964727254242508
3.6586791626062034	6.546191200586781	9.701725609362025	13.347115660436618	20.75181282719277
3.859257057838298	6.892565054772305	10.197544543111388	13.97484888438235	21.48226816418428
4.065088011881393	7.250315039409234	10.66384162893461	14.505307982100966	22.319195095390164
4.276309600348393	7.619814786463381	11.096588977722165	15.113087106027116	23.095905741069693
4.49306300190519	8.001450199282877	11.592413831435929	15.677136962918532	23.895538038605455
4.743703358652354	8.395619855633308	12.10452330983696	16.323403054586137	24.71876843311469
4.9726976250234145	8.761429291171615	12.579786882792344	16.92317076981152	25.470902058726967
5.207689164160925	9.180559322519155	13.069076047156589	17.471140656718553	26.2427337780125
5.448835042358322	9.569533252181794	13.572804714757915	18.104779469095337	27.03477947655487
5.696296439415537	9.96998626359316	14.091399012453241	18.68369523855709	27.84756855078491
5.950238756370174	10.382257118062807	14.565205873751125	19.277772591901627	28.576201769010147
6.210831726050133	10.806694574148095	15.051421556592231	19.88740860524603	29.429360106989222
6.4782495265215285	11.243657682684827	15.550371043294618	20.513010753979835	30.194182771524012
6.752670897507798	11.69351609052458	16.062387827339673	21.073838306186232	30.863657121157765
6.998678789384206	12.10452330983696	16.58781413627628	21.647496903361773	31.661294738195387
7.286730004883594	12.526294651947097	17.127001160462672	22.234280104042167	32.3594930914496
7.5823251721920695	12.959112025138253	17.61036097559105	22.834488183021538	33.07136119349072
7.88566186453909	13.403264720764426	18.104779469095337	23.448428285012156	33.797166678911424
8.157591196955348	13.8590496066102	18.610509649942347	23.985830181625992	34.53718242221605
8.475993887759248	14.32677132531456	19.127810315633017	24.626111573199935	35.291686640410624
8.761429291171615	14.746065324137362	19.656946184636954	25.186570864070063	35.93171222401213
9.095646272067494	15.237017647216437	20.120116156181652	25.758003165225553	36.582163238097536
9.395258560294138	15.677136962918532	20.671954762975766	26.2427337780125	37.24320950337956
9.701725609362025	16.127325667525206	21.154997185118155	26.83484427418855	37.9150236067948
10.060568593305264	16.521390598135405	21.647496903361773	27.438547467051876	38.59778094656293
10.382257118062807	16.99089478807483	22.149639078358025	27.950652607111937	39.29165977797999
10.711305480815081	17.471140656718553	22.575592745485203	28.471099470807637	39.85489195712403
11.047882065607977	17.89151560830307	23.095905741069693	29.000023937175854	40.42545188690759
11.392159108907329	18.32012091442465	23.537273225338076	29.53756409859851	41.003434902667365
11.74431278773759	18.757117713932182	23.985830181625992	30.08386029685594	41.58893758006963
12.052564446636108	19.202670300548203	24.53375365694322	30.527297370118816	42.18205775124741
12.419827387757312	19.656946184636954	24.998542366671053	31.089715416758878	42.78289452114695
12.79549285349502	20.120116156181652	25.375818550881664	31.546238843698013	43.391548284087555
13.12432515020474	20.513010753979835	25.854323726387758	32.00870172146675	43.8532296375775
13.516108658708141	20.91230524487884	26.340623312884972	32.47718132337489	44.475808650396125
13.8590496066102	21.40005339382954	26.735360208461284	32.95175592807155	44.948052705709024
14.267642707479368	21.813796996787417	27.23601107220892	33.43250483262504	45.424897291760594
14.62529764260816	22.234280104042167	27.642397121489395	33.91950836577266	46.06792397977337
14.989954961934547	22.575592745485203	28.054070325415452	34.28891452741649	46.55567818376875
15.361751762362925	23.008484807669976	28.471099470807637	34.787060102729036	46.88348459843903
15.740827824963628	23.448428285012156	28.893554239415252	35.16491782324028	47.37918387162737
16.127325667525206	23.805537209833513	29.32150521955954	35.67446035694561	47.879712172768066
16.521390598135405	24.258463940695055	29.64611832436612	36.06096299760167	48.385116545527
16.92317076981152	24.626111573199935	30.08386029685594	36.45123088899811	48.72478516147261
17.26399005571537	24.998542366671053	30.415900150453616	36.845300711642814	49.23842210850581
17.68030928779903	25.375818550881664	30.863657121157765	37.24320950337956	49.58362361506369
18.033461666610727	25.758003165225553	31.20329363842916	37.64499466286934	50.105627237464965
18.464846078339335	26.145160069250068	31.546238843698013	38.050693953105245	50.45645176035495
18.830777842821536	26.438829696131943	31.89252496970638	38.32335347849147	50.80955105302666
19.202670300548203	26.83484427418855	32.24218456320292	38.73566123853872	51.34349747660941
19.5806205457522	27.23601107220892	32.595250488001795	39.01276213783329	51.70234843331452
19.964727254242508	27.540307605907238	32.95175592807155	39.43178601361166	52.06352620373759
20.355090709166653	27.84756855078491	33.3117343906539	39.71340063272718	52.42704587509508
20.671954762975766	28.26191107142956	33.67521970941312	40.13925002360986	52.79292263243008
21.073838306186232	28.576201769010147	34.04224604761598	40.42545188690759	53.16117175924648
21.48226816418428	28.893554239415252	34.28891452741649	40.71350950231962	53.53180863814739
21.813796996787417	29.213998309976404	34.66191938846708	41.003434902667365	53.71802731894849
22.149639078358025	29.53756409859851	34.91260587185153	41.29524019879384	54.09227488671903
22.48985052503084	29.86428201659058	35.16491782324028	41.58893758006963	54.46894910086833
22.921345924985562	30.08386029685594	35.54645657697685	41.88453931490202	54.84806569593457
23.183609638125155	30.415900150453616	35.80287845893221	42.18205775124741	55.038544831233764
23.537273225338076	30.751174686490906	36.06096299760167	42.48150531712722	55.42135472329236
23.895538038605455	30.97650363842685	36.320720973763045	42.78289452114695	55.806646780415775
24.258463940695055	31.31723948953971	36.582163238097536	43.086237953018816	56.00022864634727
24.53375365694322	31.546238843698013	36.845300711642814	43.23864646099134	56.38927416088793
